batchId,cultivar,maturationIndex,moistureContent,oilContent,defectIndex,malaxationTemperature,malaxationTime,waterFlowRate,waterToPasteRatio,yieldPercentage,totalPhenols,freeAcidity,peroxideValue,k232,k270,deltaK,fruity,bitter,pungent,isEvooCompliant
batch001,Cobrançosa,2.59,54.21,21.67,0.15,25.0,25.0,0.58,0.2,16.65,512.69,0.43,2.02,1.32,0.15,0.0072,4.8,5.3,6.5,True
batch002,Picual,2.8,56.38,17.79,0.46,26.1,50.5,1.87,12.0,12.67,265.49,0.98,8.16,1.71,0.2,0.0095,5.2,2.3,3.2,False
batch003,Picual,4.27,46.08,20.99,0.12,24.8,47.6,0.19,1.0,19.2,301.68,0.43,6.35,1.48,0.14,0.0046,4.9,3.0,3.5,True
batch004,Arbequina,2.21,55.61,16.31,0.24,29.8,42.1,0.9,14.6,13.49,322.14,0.64,7.51,1.66,0.16,0.0078,3.5,3.4,3.6,False
batch005,Cobrançosa,3.18,57.36,21.23,0.01,21.7,45.3,1.35,0.2,16.96,335.54,0.28,4.67,1.5,0.13,0.0053,4.5,3.2,3.9,True
batch006,Arbequina,2.65,51.28,21.0,0.74,21.1,36.5,0.6,3.4,11.91,402.75,1.33,2.08,1.34,0.24,0.0069,4.9,4.2,4.7,False
batch007,Picual,2.24,45.1,19.8,0.32,28.2,38.5,2.88,4.4,17.09,447.34,0.69,5.76,1.58,0.18,0.008,4.6,4.4,5.1,False
batch008,Galega,2.75,45.59,21.62,0.04,28.0,53.6,2.68,0.2,18.4,334.37,0.43,10.52,1.87,0.15,0.0069,4.3,3.4,4.1,True
batch009,Picual,4.23,52.36,18.63,0.37,28.4,45.4,2.06,3.6,15.05,341.29,0.83,7.51,1.67,0.17,0.0089,4.1,3.3,4.0,False
batch010,Galega,2.55,50.93,18.67,0.29,25.7,38.6,2.36,10.2,16.16,367.16,0.65,5.83,1.56,0.17,0.0075,5.0,3.9,4.3,False
batch011,Galega,2.06,45.86,14.62,0.15,30.3,27.8,0.35,7.0,12.69,530.02,0.42,4.03,1.48,0.14,0.0058,3.4,5.1,6.4,True
batch012,Arbequina,3.56,53.75,21.13,0.43,21.3,43.6,0.89,13.7,14.21,243.8,0.87,4.46,1.44,0.19,0.0093,4.9,2.5,3.1,False
batch013,Picual,3.26,54.52,17.55,0.27,22.5,38.6,0.48,2.5,13.95,387.54,0.68,3.0,1.44,0.16,0.0068,4.6,4.0,4.7,False
batch014,Arbequina,2.33,50.87,16.37,0.48,24.9,49.3,0.8,9.3,12.13,314.84,0.98,7.42,1.63,0.2,0.0078,5.3,3.1,3.9,False
batch015,Arbequina,3.3,53.5,19.4,0.13,27.7,34.1,0.2,8.1,17.6,408.0,0.41,4.61,1.42,0.15,0.0061,4.6,4.1,5.0,True
batch016,Arbequina,4.17,49.19,20.23,0.13,30.4,43.9,1.72,2.1,18.21,336.73,0.48,8.71,1.73,0.15,0.0072,3.3,3.1,4.0,True
batch017,Galega,3.05,56.66,14.4,0.85,22.0,31.3,1.69,8.5,7.81,353.36,1.51,2.0,1.39,0.25,0.0112,4.4,3.3,4.2,False
batch018,Picual,2.14,52.46,16.26,0.02,23.6,30.8,0.29,13.6,14.78,387.16,0.27,2.92,1.4,0.13,0.0068,4.6,3.9,4.8,True
batch019,Picual,3.86,48.84,19.93,0.3,29.3,44.5,2.66,12.6,17.21,264.06,0.7,9.41,1.68,0.16,0.0077,4.2,2.5,3.4,False
batch020,Galega,3.69,53.63,20.55,0.09,23.6,40.0,2.24,8.4,17.77,317.26,0.39,4.52,1.52,0.14,0.0062,4.8,3.4,3.9,True
